Mean of two matrices for all metrics computed on
Sunday 7 Avril 2019.
They corresponds to the geodesic move with a=0.5

    P=??([  3. 2. 1.;
            2. 4. 2.;
            1. 2. 5.])

    Q=??(P+[ 2. 1. 0.;
            1. 3. 1.;
            0. 1. 4.])

julia> P
3×3 Symmetric{Float64,Array{Float64,2}}:
 3.0  2.0  1.0
 2.0  4.0  2.0
 1.0  2.0  5.0

julia> Q
3×3 Symmetric{Float64,Array{Float64,2}}:
 5.0  3.0  1.0
 3.0  7.0  3.0
 1.0  3.0  9.0

julia> G=Rmean(P, Q, Euclidean)
3×3 Symmetric{Float64,Array{Float64,2}}:
 4.0  2.5  1.0
 2.5  5.5  2.5
 1.0  2.5  7.0

julia> G=Rmean(P, Q, invEuclidean)
3×3 Symmetric{Float64,Array{Float64,2}}:
 3.73984  2.4065   1.07317
 2.4065   5.07317  2.4065
 1.07317  2.4065   6.4065

julia> G=Rmean(P, Q, logEuclidean)
3×3 Symmetric{Float64,Array{Float64,2}}:
 3.86572  2.45351  1.03899
 2.45351  5.28398  2.45523
 1.03899  2.45523  6.69755

julia> G=Rmean(P, Q, Fisher)
3×3 Symmetric{Float64,Array{Float64,2}}:
 3.8673   2.45308  1.03887
 2.45308  5.28151  2.45308
 1.03887  2.45308  6.69572

julia> G=Rmean(P, Q, logdet0)
3×3 Symmetric{Float64,Array{Float64,2}}:
 3.8673   2.45308  1.03887
 2.45308  5.28151  2.45308
 1.03887  2.45308  6.69572

julia> G=Rmean(P, Q, Jeffrey)
3×3 Symmetric{Float64,Array{Float64,2}}:
 3.8673   2.45308  1.03887
 2.45308  5.28151  2.45308
 1.03887  2.45308  6.69572

julia> G=Rmean(P, Q, PosDefManifold.Cholesky)
3×3 Symmetric{Float64,Array{Float64,2}}:
 3.93649  2.47644  1.0164
 2.47644  5.3865   2.46789
 1.0164   2.46789  6.83227

julia> G=Rmean(P, Q, logCholesky)
3×3 Symmetric{Float64,Array{Float64,2}}:
 3.0       2.1619   0.887298
 2.1619    4.2246   2.16542
 0.887298  2.16542  5.13569

julia> G=Rmean(P, Q, Wasserstein)
3×3 Symmetric{Float64,Array{Float64,2}}:
 3.93097  2.47679  1.01936
 2.47679  5.39328  2.47882
 1.01936  2.47882  6.84988